[ 0.00000000e+00 -1.45799022e-12 -2.28980078e-13  4.62010753e-11
 -1.75214813e-10 -1.83669770e-15  8.52944060e-16  2.29423303e-05
 -2.04721003e-06 -1.59792834e-08  9.98214034e-10]
[ 0.00000000e+00 -1.45799022e-12 -2.28980078e-13  4.62010753e-11
 -1.75214813e-10 -1.83698624e-15  8.52944060e-16  2.29423303e-05
 -2.04721003e-06 -1.59792834e-08  9.98214034e-10]
[ 0.00000000e+00 -1.45799022e-12 -2.28980078e-13  4.62010753e-11
 -1.75214813e-10 -1.83669770e-15  8.52944060e-16  2.29423303e-05
 -2.04721003e-06 -1.59792834e-08  9.99090421e-10]
[ 0.00000000e+00 -1.45799022e-12 -2.28980078e-13  4.62010753e-11
 -1.75084609e-10 -1.83669770e-15  8.52944060e-16  2.29423303e-05
 -2.04721003e-06 -1.59792834e-08  9.98214034e-10]
[ 0.00000000e+00 -1.45799022e-12 -2.28985934e-13  4.62010753e-11
 -1.75214813e-10 -1.83753563e-15  8.52944060e-16  2.29409078e-05
 -2.04721003e-06 -1.59792834e-08  9.97791443e-10]
[ 0.00000000e+00 -1.45799022e-12 -2.28980078e-13  4.62010753e-11
 -1.75214813e-10 -1.83574943e-15  8.52944060e-16  2.29423303e-05
 -2.04721003e-06 -1.59792834e-08  9.98214034e-10]
[ 0.00000000e+00 -1.45799022e-12 -2.28980078e-13  4.62010753e-11
 -1.75214813e-10 -1.83610809e-15  8.52944060e-16  2.29423303e-05
 -2.04721003e-06 -1.59792834e-08  9.98214034e-10]
[ 0.00000000e+00 -1.45799022e-12 -2.28980078e-13  4.62392333e-11
 -1.75214813e-10 -1.83669770e-15  8.52944060e-16  2.29546774e-05
 -2.04721003e-06 -1.59792834e-08  9.98214034e-10]
[ 0.00000000e+00 -1.45799022e-12 -2.28980078e-13  4.62010753e-11
 -1.75214813e-10 -1.83669770e-15  8.52944060e-16  2.29423303e-05
 -2.04721003e-06 -1.59792834e-08  9.98214034e-10]
[ 0.00000000e+00 -1.45799022e-12 -2.28980078e-13  4.62010753e-11
 -1.75163160e-10 -1.83669770e-15  8.52944060e-16  2.29423303e-05
 -2.04721003e-06 -1.59792834e-08  9.98306456e-10]
[ 0.00000000e+00 -1.45799022e-12 -2.28980078e-13  4.62010753e-11
 -1.75214813e-10 -1.83669770e-15  8.52571687e-16  2.29423303e-05
 -2.04721003e-06 -1.59873625e-08  9.98214034e-10]
[ 0.00000000e+00 -1.45799022e-12 -2.28980078e-13  4.62010753e-11
 -1.75214813e-10 -1.83669770e-15  8.52944060e-16  2.29423303e-05
 -2.04721003e-06 -1.59792834e-08  9.98434783e-10]
[ 0.00000000e+00 -1.45742338e-12 -2.28980078e-13  4.62010753e-11
 -1.75214813e-10 -1.83669770e-15  8.52944060e-16  2.29423303e-05
 -2.04721003e-06 -1.59792834e-08  9.98214034e-10]
[ 0.00000000e+00 -1.45738599e-12 -2.28980078e-13  4.62010753e-11
 -1.75231483e-10 -1.83669770e-15  8.52944060e-16  2.29423303e-05
 -2.04721003e-06 -1.59792834e-08  9.98214034e-10]
[ 0.00000000e+00 -1.45799022e-12 -2.28980078e-13  4.62010753e-11
 -1.75214813e-10 -1.83669770e-15  8.52944060e-16  2.29423303e-05
 -2.04721003e-06 -1.59792834e-08  9.98214034e-10]
[ 0.00000000e+00 -1.45799022e-12 -2.28980078e-13  4.62010753e-11
 -1.75214813e-10 -1.83531678e-15  8.52944060e-16  2.29423303e-05
 -2.04721003e-06 -1.59792834e-08  9.98214034e-10]
[ 0.00000000e+00 -1.45799022e-12 -2.28980078e-13  4.62010753e-11
 -1.75214813e-10 -1.83669770e-15  8.52944060e-16  2.29423303e-05
 -2.04721003e-06 -1.59792834e-08  9.98214034e-10]
[ 0.00000000e+00 -1.45799022e-12 -2.28980078e-13  4.62010753e-11
 -1.75214813e-10 -1.83548047e-15  8.52191541e-16  2.29585805e-05
 -2.04721003e-06 -1.59792834e-08  9.98214034e-10]
[ 0.00000000e+00 -1.45799022e-12 -2.28980078e-13  4.62010753e-11
 -1.75214813e-10 -1.83669770e-15  8.52944060e-16  2.29423303e-05
 -2.04721003e-06 -1.59792834e-08  9.98214034e-10]
[ 0.00000000e+00 -1.45799022e-12 -2.28980078e-13  4.62010753e-11
 -1.75102027e-10 -1.83669770e-15  8.52944060e-16  2.29423303e-05
 -2.04721003e-06 -1.59792834e-08  9.98214034e-10]
[ 0.00000000e+00 -1.45799022e-12 -2.28980078e-13  4.62010753e-11
 -1.75214813e-10 -1.83669770e-15  8.52944060e-16  2.29423303e-05
 -2.04905545e-06 -1.59792834e-08  9.98214034e-10]
[ 0.00000000e+00 -1.45799022e-12 -2.28980078e-13  4.62010753e-11
 -1.75214813e-10 -1.83669770e-15  8.52944060e-16  2.29423303e-05
 -2.04616182e-06 -1.59792834e-08  9.99086158e-10]
[ 0.00000000e+00 -1.45764926e-12 -2.28980078e-13  4.62010753e-11
 -1.75077469e-10 -1.83669770e-15  8.53129738e-16  2.29423303e-05
 -2.04721003e-06 -1.59792834e-08  9.98013035e-10]
[ 0.00000000e+00 -1.45799022e-12 -2.28980078e-13  4.62010753e-11
 -1.75214813e-10 -1.83669770e-15  8.52809124e-16  2.29423303e-05
 -2.04721003e-06 -1.59792834e-08  9.98214034e-10]
[ 0.00000000e+00 -1.45799022e-12 -2.28980078e-13  4.62010753e-11
 -1.75214813e-10 -1.83669770e-15  8.52944060e-16  2.29423303e-05
 -2.04721003e-06 -1.59792834e-08  9.98214034e-10]
[ 0.00000000e+00 -1.45799022e-12 -2.28980078e-13  4.62010753e-11
 -1.75214813e-10 -1.83591476e-15  8.52944060e-16  2.29423303e-05
 -2.04721003e-06 -1.59792834e-08  9.98214034e-10]
[ 0.00000000e+00 -1.45896996e-12 -2.28980078e-13  4.62010753e-11
 -1.75214813e-10 -1.83669770e-15  8.52532424e-16  2.29423303e-05
 -2.04878313e-06 -1.59792834e-08  9.98214034e-10]
[ 0.00000000e+00 -1.45799022e-12 -2.28980078e-13  4.62010753e-11
 -1.75214813e-10 -1.83669770e-15  8.53314948e-16  2.29335518e-05
 -2.04721003e-06 -1.59792834e-08  9.98214034e-10]
[ 0.00000000e+00 -1.45799022e-12 -2.28980078e-13  4.62010753e-11
 -1.75214813e-10 -1.83669770e-15  8.52944060e-16  2.29423303e-05
 -2.04721003e-06 -1.59792834e-08  9.98214034e-10]
[ 0.00000000e+00 -1.45799022e-12 -2.28980078e-13  4.62051336e-11
 -1.75384834e-10 -1.83669770e-15  8.52944060e-16  2.29423303e-05
 -2.04721003e-06 -1.59792834e-08  9.98162980e-10]
[ 0.00000000e+00 -1.45834532e-12 -2.28980078e-13  4.62010753e-11
 -1.75214813e-10 -1.83669770e-15  8.52944060e-16  2.29423303e-05
 -2.04806394e-06 -1.59792834e-08  9.98214034e-10]
[ 0.00000000e+00 -1.45799022e-12 -2.28937981e-13  4.62010753e-11
 -1.75160669e-10 -1.83669770e-15  8.53486140e-16  2.29423303e-05
 -2.04721003e-06 -1.59792834e-08  9.98214034e-10]
[ 0.00000000e+00 -1.45799022e-12 -2.28980078e-13  4.62010753e-11
 -1.75214813e-10 -1.83669770e-15  8.52944060e-16  2.29423303e-05
 -2.04721003e-06 -1.59792834e-08  9.98214034e-10]
[ 0.00000000e+00 -1.45799022e-12 -2.28980078e-13  4.62177660e-11
 -1.75214813e-10 -1.83592700e-15  8.52944060e-16  2.29423303e-05
 -2.04721003e-06 -1.59792834e-08  9.97899580e-10]
[ 0.00000000e+00 -1.45799022e-12 -2.28980078e-13  4.62010753e-11
 -1.75214813e-10 -1.83669770e-15  8.52944060e-16  2.29423303e-05
 -2.04721003e-06 -1.59792834e-08  9.98214034e-10]
[ 0.00000000e+00 -1.45799022e-12 -2.28980078e-13  4.61754742e-11
 -1.75298021e-10 -1.83669770e-15  8.52944060e-16  2.29423303e-05
 -2.04721003e-06 -1.59792834e-08  9.98214034e-10]
[ 0.00000000e+00 -1.45799022e-12 -2.28983661e-13  4.62010753e-11
 -1.75214813e-10 -1.83669770e-15  8.52944060e-16  2.29375073e-05
 -2.04761791e-06 -1.59792834e-08  9.98214034e-10]
[ 0.00000000e+00 -1.45799022e-12 -2.28980078e-13  4.62010753e-11
 -1.75214813e-10 -1.83669770e-15  8.52944060e-16  2.29423303e-05
 -2.04721003e-06 -1.59792834e-08  9.98214034e-10]
[ 0.00000000e+00 -1.45799022e-12 -2.28980078e-13  4.62010753e-11
 -1.75214813e-10 -1.83508405e-15  8.52230600e-16  2.29542976e-05
 -2.04639000e-06 -1.59792834e-08  9.98214034e-10]
[ 0.00000000e+00 -1.45799022e-12 -2.28980078e-13  4.62244080e-11
 -1.75214813e-10 -1.83669770e-15  8.52944060e-16  2.29423303e-05
 -2.04721003e-06 -1.59792834e-08  9.98214034e-10]
[ 0.00000000e+00 -1.45799022e-12 -2.28980078e-13  4.62010753e-11
 -1.75214813e-10 -1.83669770e-15  8.52944060e-16  2.29423303e-05
 -2.04721003e-06 -1.59792834e-08  9.98214034e-10]
[ 0.00000000e+00 -1.45799022e-12 -2.28980078e-13  4.61599030e-11
 -1.75352461e-10 -1.83669770e-15  8.52944060e-16  2.29423303e-05
 -2.04721003e-06 -1.59792834e-08  9.98214034e-10]
[ 0.00000000e+00 -1.45674396e-12 -2.28980078e-13  4.62038919e-11
 -1.75214813e-10 -1.83669770e-15  8.53547274e-16  2.29326172e-05
 -2.04721003e-06 -1.59792834e-08  9.98214034e-10]
[ 0.00000000e+00 -1.45808851e-12 -2.28980078e-13  4.62010753e-11
 -1.75231662e-10 -1.83669770e-15  8.52944060e-16  2.29423303e-05
 -2.04721003e-06 -1.59792834e-08  9.98214034e-10]
[ 0.00000000e+00 -1.45799022e-12 -2.28980078e-13  4.62010753e-11
 -1.75214813e-10 -1.83669770e-15  8.52944060e-16  2.29504022e-05
 -2.04721003e-06 -1.59792834e-08  9.98070972e-10]
[ 0.00000000e+00 -1.45799022e-12 -2.28980078e-13  4.62010753e-11
 -1.75214813e-10 -1.83669770e-15  8.52944060e-16  2.29356986e-05
 -2.04885720e-06 -1.59792834e-08  9.98214034e-10]
[ 0.00000000e+00 -1.45799022e-12 -2.28874026e-13  4.62010753e-11
 -1.75214813e-10 -1.83669770e-15  8.53208312e-16  2.29423303e-05
 -2.04721003e-06 -1.59792834e-08  9.98214034e-10]
[ 0.00000000e+00 -1.45721196e-12 -2.28980078e-13  4.62231343e-11
 -1.75214813e-10 -1.83669770e-15  8.52944060e-16  2.29423303e-05
 -2.04721003e-06 -1.59792834e-08  9.98760023e-10]
[ 0.00000000e+00 -1.45799022e-12 -2.28980078e-13  4.62010753e-11
 -1.75214813e-10 -1.83669770e-15  8.52944060e-16  2.29423303e-05
 -2.04721003e-06 -1.59792834e-08  9.98214034e-10]
[ 0.00000000e+00 -1.45799022e-12 -2.28980078e-13  4.62010753e-11
 -1.75214813e-10 -1.83582117e-15  8.52944060e-16  2.29423303e-05
 -2.04721003e-06 -1.59792834e-08  9.98214034e-10]
[ 0.00000000e+00 -1.45799022e-12 -2.28980078e-13  4.62010753e-11
 -1.75214813e-10 -1.83669770e-15  8.52944060e-16  2.29423303e-05
 -2.04721003e-06 -1.59792834e-08  9.98214034e-10]
[ 0.00000000e+00 -1.45799022e-12 -2.28980078e-13  4.62025412e-11
 -1.75214813e-10 -1.83802177e-15  8.52944060e-16  2.29423303e-05
 -2.04721003e-06 -1.59792834e-08  9.98214034e-10]
[ 0.00000000e+00 -1.45799022e-12 -2.28984820e-13  4.62010753e-11
 -1.75214813e-10 -1.83669770e-15  8.52944060e-16  2.29423303e-05
 -2.04866890e-06 -1.59792834e-08  9.98214034e-10]
[ 0.00000000e+00 -1.45799022e-12 -2.28980078e-13  4.62010753e-11
 -1.75214813e-10 -1.83669770e-15  8.52944060e-16  2.29423303e-05
 -2.04721003e-06 -1.59792834e-08  9.98214034e-10]
[ 0.00000000e+00 -1.45799022e-12 -2.28980078e-13  4.62379802e-11
 -1.75337254e-10 -1.83818135e-15  8.52944060e-16  2.29279929e-05
 -2.04721003e-06 -1.59692051e-08  9.98611647e-10]
[ 0.00000000e+00 -1.45799022e-12 -2.28895378e-13  4.62010753e-11
 -1.75214813e-10 -1.83669770e-15  8.52944060e-16  2.29640618e-05
 -2.04721003e-06 -1.59792834e-08  9.97308986e-10]
[ 0.00000000e+00 -1.45799022e-12 -2.28980078e-13  4.62010753e-11
 -1.75214813e-10 -1.83669770e-15  8.52944060e-16  2.29423303e-05
 -2.04721003e-06 -1.59792834e-08  9.98214034e-10]
[ 0.00000000e+00 -1.45799022e-12 -2.28980078e-13  4.62010753e-11
 -1.75214813e-10 -1.83510839e-15  8.52944060e-16  2.29423303e-05
 -2.04721003e-06 -1.59792834e-08  9.98214034e-10]
[ 0.00000000e+00 -1.45787276e-12 -2.28980078e-13  4.62010753e-11
 -1.75214813e-10 -1.83669770e-15  8.52944060e-16  2.29423303e-05
 -2.04876625e-06 -1.59792834e-08  9.98214034e-10]
[ 0.00000000e+00 -1.45897742e-12 -2.29139407e-13  4.62010753e-11
 -1.75214813e-10 -1.83669770e-15  8.52944060e-16  2.29423303e-05
 -2.04721003e-06 -1.59792834e-08  9.98214034e-10]
[ 0.00000000e+00 -1.45799022e-12 -2.28980078e-13  4.62010753e-11
 -1.75214813e-10 -1.83669770e-15  8.52593159e-16  2.29423303e-05
 -2.04721003e-06 -1.59792834e-08  9.98609922e-10]
[ 0.00000000e+00 -1.45799745e-12 -2.28980078e-13  4.62010753e-11
 -1.75214813e-10 -1.83720378e-15  8.52944060e-16  2.29423303e-05
 -2.04708936e-06 -1.59792834e-08  9.98214034e-10]
[ 0.00000000e+00 -1.45799022e-12 -2.28980078e-13  4.62010753e-11
 -1.75214813e-10 -1.83589096e-15  8.52944060e-16  2.29423303e-05
 -2.04538047e-06 -1.59792834e-08  9.98214034e-10]
[ 0.00000000e+00 -1.45799022e-12 -2.28980078e-13  4.62010753e-11
 -1.75214813e-10 -1.83669770e-15  8.52944060e-16  2.29423303e-05
 -2.04721003e-06 -1.59792834e-08  9.98214034e-10]
