[ 0.00000000e+00 -1.45799022e-12 -2.28980078e-13  4.62010753e-11
 -1.75214813e-10 -1.83669770e-15  8.52944060e-16  2.29423303e-05
 -2.04721003e-06 -1.59792834e-08  9.98214034e-10]
[ 0.00000000e+00 -1.45799022e-12 -2.28980078e-13  4.62010753e-11
 -1.75214813e-10 -1.83669770e-15  8.52992634e-16  2.29423303e-05
 -2.04721003e-06 -1.59792834e-08  9.98214034e-10]
[ 0.00000000e+00 -1.45723229e-12 -2.28980078e-13  4.62010753e-11
 -1.75214813e-10 -1.83718340e-15  8.52944060e-16  2.29423303e-05
 -2.04721003e-06 -1.59792834e-08  9.98214034e-10]
[ 0.00000000e+00 -1.45774649e-12 -2.28878727e-13  4.62010753e-11
 -1.75214813e-10 -1.83669770e-15  8.52914019e-16  2.29423303e-05
 -2.04545559e-06 -1.59950699e-08  9.98214034e-10]
[ 0.00000000e+00 -1.45799022e-12 -2.28980078e-13  4.62010753e-11
 -1.75214813e-10 -1.83669770e-15  8.52944060e-16  2.29423303e-05
 -2.04721003e-06 -1.59792834e-08  9.98397644e-10]
[ 0.00000000e+00 -1.45799022e-12 -2.28980078e-13  4.62010753e-11
 -1.75270191e-10 -1.83651071e-15  8.52281190e-16  2.29423303e-05
 -2.04863769e-06 -1.59792834e-08  9.98214034e-10]
[ 0.00000000e+00 -1.45799022e-12 -2.28980078e-13  4.62010753e-11
 -1.75214813e-10 -1.83669770e-15  8.52944060e-16  2.29423303e-05
 -2.04721003e-06 -1.59792834e-08  9.98769261e-10]
[ 0.00000000e+00 -1.45799022e-12 -2.28980078e-13  4.62010753e-11
 -1.75284071e-10 -1.83669770e-15  8.52944060e-16  2.29300210e-05
 -2.04721003e-06 -1.59792834e-08  9.98214034e-10]
[ 0.00000000e+00 -1.45799022e-12 -2.28980078e-13  4.62010753e-11
 -1.75284071e-10 -1.83669770e-15  8.52944060e-16  2.29300210e-05
 -2.04721003e-06 -1.59665877e-08  9.98214034e-10]
[ 0.00000000e+00 -1.45799022e-12 -2.28980078e-13  4.62010753e-11
 -1.75284071e-10 -1.83669770e-15  8.52944060e-16  2.29300210e-05
 -2.04840423e-06 -1.59792834e-08  9.98214034e-10]
[ 0.00000000e+00 -1.45799022e-12 -2.28980078e-13  4.62010753e-11
 -1.75284071e-10 -1.83669770e-15  8.52341386e-16  2.29300210e-05
 -2.04721003e-06 -1.59792834e-08  9.98214034e-10]
[ 0.00000000e+00 -1.45799022e-12 -2.28980078e-13  4.61585464e-11
 -1.75284071e-10 -1.83669770e-15  8.52944060e-16  2.29300210e-05
 -2.04721003e-06 -1.59792834e-08  9.98214034e-10]
[ 0.00000000e+00 -1.45667067e-12 -2.28980078e-13  4.62010753e-11
 -1.75368882e-10 -1.83669770e-15  8.52944060e-16  2.29300210e-05
 -2.04721003e-06 -1.59792834e-08  9.98820017e-10]
[ 0.00000000e+00 -1.45745079e-12 -2.28980078e-13  4.62010753e-11
 -1.75284071e-10 -1.83500605e-15  8.52944060e-16  2.29300210e-05
 -2.04898944e-06 -1.59792834e-08  9.98214034e-10]
[ 0.00000000e+00 -1.45799022e-12 -2.28914758e-13  4.61602791e-11
 -1.75196036e-10 -1.83743328e-15  8.52944060e-16  2.29300210e-05
 -2.04721003e-06 -1.59792834e-08  9.98214034e-10]
[ 0.00000000e+00 -1.45799022e-12 -2.28980078e-13  4.62437545e-11
 -1.75284071e-10 -1.83669770e-15  8.52944060e-16  2.29300210e-05
 -2.04728586e-06 -1.59792834e-08  9.97783329e-10]
[ 0.00000000e+00 -1.45799022e-12 -2.29191002e-13  4.62437545e-11
 -1.75284071e-10 -1.83669770e-15  8.52944060e-16  2.29491025e-05
 -2.04728586e-06 -1.59792834e-08  9.97783329e-10]
[ 0.00000000e+00 -1.45799022e-12 -2.28980078e-13  4.62437545e-11
 -1.75284071e-10 -1.83669770e-15  8.52944060e-16  2.29300210e-05
 -2.04728586e-06 -1.59792834e-08  9.97783329e-10]
[ 0.00000000e+00 -1.45879123e-12 -2.28980078e-13  4.62437545e-11
 -1.75375129e-10 -1.83758182e-15  8.52502679e-16  2.29300210e-05
 -2.04728586e-06 -1.59792834e-08  9.97783329e-10]
[ 0.00000000e+00 -1.45799022e-12 -2.28998215e-13  4.62437545e-11
 -1.75284071e-10 -1.83669770e-15  8.52944060e-16  2.29432172e-05
 -2.04728586e-06 -1.59792834e-08  9.97783329e-10]
[ 0.00000000e+00 -1.45799022e-12 -2.28980078e-13  4.62437545e-11
 -1.75284071e-10 -1.83669770e-15  8.52944060e-16  2.29300210e-05
 -2.04789559e-06 -1.59792834e-08  9.97783329e-10]
[ 0.00000000e+00 -1.45799022e-12 -2.28980078e-13  4.62437545e-11
 -1.75284071e-10 -1.83669770e-15  8.52944060e-16  2.29300210e-05
 -2.04728586e-06 -1.59792834e-08  9.97783329e-10]
[ 0.00000000e+00 -1.45799022e-12 -2.28980078e-13  4.62437545e-11
 -1.75284071e-10 -1.83669770e-15  8.53683745e-16  2.29513799e-05
 -2.04717134e-06 -1.59792834e-08  9.97783329e-10]
[ 0.00000000e+00 -1.45799022e-12 -2.28980078e-13  4.62437545e-11
 -1.75284071e-10 -1.83669770e-15  8.52944060e-16  2.29300210e-05
 -2.04728586e-06 -1.59792834e-08  9.97856423e-10]
[ 0.00000000e+00 -1.45834164e-12 -2.28980078e-13  4.62437545e-11
 -1.75284071e-10 -1.83669770e-15  8.53161630e-16  2.29300210e-05
 -2.04728586e-06 -1.59792834e-08  9.97856423e-10]
[ 0.00000000e+00 -1.45799022e-12 -2.28980078e-13  4.62437545e-11
 -1.75284071e-10 -1.83669770e-15  8.52944060e-16  2.29300210e-05
 -2.04728586e-06 -1.59792834e-08  9.97856423e-10]
[ 0.00000000e+00 -1.45799022e-12 -2.28980078e-13  4.62437545e-11
 -1.75284071e-10 -1.83547870e-15  8.52944060e-16  2.29460091e-05
 -2.04728586e-06 -1.59890368e-08  9.97856423e-10]
[ 0.00000000e+00 -1.45852752e-12 -2.28980078e-13  4.62437545e-11
 -1.75270504e-10 -1.83630142e-15  8.53694889e-16  2.29300210e-05
 -2.04728586e-06 -1.59721023e-08  9.97856423e-10]
[ 0.00000000e+00 -1.45799022e-12 -2.28980078e-13  4.62437545e-11
 -1.75420355e-10 -1.83669770e-15  8.52944060e-16  2.29262449e-05
 -2.04728586e-06 -1.59792834e-08  9.97856423e-10]
[ 0.00000000e+00 -1.45799022e-12 -2.28980078e-13  4.62237139e-11
 -1.75284071e-10 -1.83669770e-15  8.52944060e-16  2.29116862e-05
 -2.04612969e-06 -1.59790092e-08  9.98150423e-10]
[ 0.00000000e+00 -1.45799022e-12 -2.28980078e-13  4.62244717e-11
 -1.75284071e-10 -1.83669770e-15  8.52944060e-16  2.29172951e-05
 -2.04728586e-06 -1.59792834e-08  9.97376483e-10]
[ 0.00000000e+00 -1.45799022e-12 -2.28980078e-13  4.62437545e-11
 -1.75383947e-10 -1.83669770e-15  8.52851178e-16  2.29343845e-05
 -2.04608953e-06 -1.59792834e-08  9.97856423e-10]
[ 0.00000000e+00 -1.45799022e-12 -2.28775535e-13  4.62825571e-11
 -1.75383947e-10 -1.83669770e-15  8.52851178e-16  2.29343845e-05
 -2.04608953e-06 -1.59697696e-08  9.97856423e-10]
[ 0.00000000e+00 -1.45799022e-12 -2.29054558e-13  4.62437545e-11
 -1.75383947e-10 -1.83669770e-15  8.52851178e-16  2.29343845e-05
 -2.04608953e-06 -1.59792834e-08  9.97856423e-10]
[ 0.00000000e+00 -1.45799022e-12 -2.28980078e-13  4.62437545e-11
 -1.75383947e-10 -1.83585068e-15  8.53184388e-16  2.29343845e-05
 -2.04608953e-06 -1.59792834e-08  9.97856423e-10]
[ 0.00000000e+00 -1.45799022e-12 -2.28859726e-13  4.62437545e-11
 -1.75383947e-10 -1.83614893e-15  8.52851178e-16  2.29404714e-05
 -2.04608953e-06 -1.59792834e-08  9.97856423e-10]
[ 0.00000000e+00 -1.45799022e-12 -2.28980078e-13  4.62437545e-11
 -1.75383947e-10 -1.83669770e-15  8.52851178e-16  2.29343845e-05
 -2.04608953e-06 -1.59792834e-08  9.98541050e-10]
[ 0.00000000e+00 -1.45799022e-12 -2.28980078e-13  4.62437545e-11
 -1.75383947e-10 -1.83669770e-15  8.53367253e-16  2.29343845e-05
 -2.04608953e-06 -1.59877867e-08  9.97856423e-10]
[ 0.00000000e+00 -1.45799022e-12 -2.28980078e-13  4.62437545e-11
 -1.75281141e-10 -1.83669770e-15  8.52851178e-16  2.29343845e-05
 -2.04608953e-06 -1.59792834e-08  9.97262888e-10]
[ 0.00000000e+00 -1.45799022e-12 -2.28980078e-13  4.62437545e-11
 -1.75383947e-10 -1.83669770e-15  8.52851178e-16  2.29343845e-05
 -2.04608953e-06 -1.59792834e-08  9.97856423e-10]
[ 0.00000000e+00 -1.45799022e-12 -2.29158476e-13  4.62437545e-11
 -1.75383947e-10 -1.83669770e-15  8.52851178e-16  2.29343845e-05
 -2.04608953e-06 -1.59792834e-08  9.97856423e-10]
[ 0.00000000e+00 -1.45799022e-12 -2.28980078e-13  4.62437545e-11
 -1.75383947e-10 -1.83669770e-15  8.53391561e-16  2.29343845e-05
 -2.04608953e-06 -1.59792834e-08  9.97856423e-10]
[ 0.00000000e+00 -1.45799022e-12 -2.28980078e-13  4.62437545e-11
 -1.75435482e-10 -1.83555161e-15  8.52851178e-16  2.29343845e-05
 -2.04608953e-06 -1.59792834e-08  9.97856423e-10]
[ 0.00000000e+00 -1.45799022e-12 -2.29048781e-13  4.62437545e-11
 -1.75383947e-10 -1.83669770e-15  8.52851178e-16  2.29343845e-05
 -2.04715082e-06 -1.59792834e-08  9.97856423e-10]
[ 0.00000000e+00 -1.45893486e-12 -2.28980078e-13  4.62286482e-11
 -1.75383947e-10 -1.83669770e-15  8.52851178e-16  2.29343845e-05
 -2.04608953e-06 -1.59908071e-08  9.97856423e-10]
[ 0.00000000e+00 -1.45887539e-12 -2.28980078e-13  4.62437545e-11
 -1.75383947e-10 -1.83586877e-15  8.52851178e-16  2.29343845e-05
 -2.04608953e-06 -1.59881836e-08  9.97856423e-10]
[ 0.00000000e+00 -1.45799022e-12 -2.28980078e-13  4.62437545e-11
 -1.75383947e-10 -1.83669770e-15  8.52851178e-16  2.29343845e-05
 -2.04809053e-06 -1.59688092e-08  9.97823599e-10]
[ 0.00000000e+00 -1.45886807e-12 -2.28980078e-13  4.62723750e-11
 -1.75276054e-10 -1.83830786e-15  8.53544458e-16  2.29343845e-05
 -2.04608953e-06 -1.59792834e-08  9.97856423e-10]
[ 0.00000000e+00 -1.45886807e-12 -2.28980078e-13  4.62723750e-11
 -1.75276054e-10 -1.83830786e-15  8.53544458e-16  2.29343845e-05
 -2.04608953e-06 -1.59792834e-08  9.97856423e-10]
[ 0.00000000e+00 -1.45886807e-12 -2.28883079e-13  4.62723750e-11
 -1.75276054e-10 -1.83830786e-15  8.53544458e-16  2.29343845e-05
 -2.04608953e-06 -1.59792834e-08  9.97856423e-10]
[ 0.00000000e+00 -1.45915782e-12 -2.28980078e-13  4.62723750e-11
 -1.75276054e-10 -1.83830786e-15  8.53544458e-16  2.29343845e-05
 -2.04608953e-06 -1.59792834e-08  9.98809022e-10]
[ 0.00000000e+00 -1.45886807e-12 -2.28980078e-13  4.62723750e-11
 -1.75276054e-10 -1.83830786e-15  8.53544458e-16  2.29343845e-05
 -2.04608953e-06 -1.59792834e-08  9.97680177e-10]
[ 0.00000000e+00 -1.45886807e-12 -2.28980078e-13  4.62723750e-11
 -1.75276054e-10 -1.83830786e-15  8.53544458e-16  2.29343845e-05
 -2.04703714e-06 -1.59822423e-08  9.97856423e-10]
[ 0.00000000e+00 -1.45886807e-12 -2.29139583e-13  4.62723750e-11
 -1.75276054e-10 -1.83830786e-15  8.53544458e-16  2.29343845e-05
 -2.04790482e-06 -1.59792834e-08  9.98186652e-10]
[ 0.00000000e+00 -1.45886807e-12 -2.28980078e-13  4.62723750e-11
 -1.75132020e-10 -1.83830786e-15  8.53544458e-16  2.29343845e-05
 -2.04608953e-06 -1.59792834e-08  9.97856423e-10]
[ 0.00000000e+00 -1.45886807e-12 -2.28980078e-13  4.62723750e-11
 -1.75276054e-10 -1.83830786e-15  8.53544458e-16  2.29343845e-05
 -2.04780660e-06 -1.59792834e-08  9.97472999e-10]
[ 0.00000000e+00 -1.45886807e-12 -2.28980078e-13  4.62723750e-11
 -1.75276054e-10 -1.83830786e-15  8.53987299e-16  2.29343845e-05
 -2.04780660e-06 -1.59792834e-08  9.97472999e-10]
[ 0.00000000e+00 -1.45770874e-12 -2.28980078e-13  4.62723750e-11
 -1.75276054e-10 -1.83696929e-15  8.53544458e-16  2.29343845e-05
 -2.04950196e-06 -1.59836916e-08  9.97472999e-10]
[ 0.00000000e+00 -1.45886807e-12 -2.28980078e-13  4.62723750e-11
 -1.75138078e-10 -1.83830786e-15  8.53375518e-16  2.29343845e-05
 -2.04780660e-06 -1.59792834e-08  9.97472999e-10]
[ 0.00000000e+00 -1.45936173e-12 -2.28980078e-13  4.62723750e-11
 -1.75276054e-10 -1.83830786e-15  8.53544458e-16  2.29343845e-05
 -2.04780660e-06 -1.59792834e-08  9.97472999e-10]
[ 0.00000000e+00 -1.45849541e-12 -2.28980078e-13  4.62723750e-11
 -1.75276054e-10 -1.83677119e-15  8.53544458e-16  2.29343845e-05
 -2.04780660e-06 -1.59792834e-08  9.97472999e-10]
[ 0.00000000e+00 -1.45886807e-12 -2.28980078e-13  4.62723750e-11
 -1.75276054e-10 -1.83830786e-15  8.53544458e-16  2.29343845e-05
 -2.04780660e-06 -1.59792834e-08  9.97472999e-10]
[ 0.00000000e+00 -1.45886807e-12 -2.28788275e-13  4.62723750e-11
 -1.75276054e-10 -1.83830786e-15  8.53544458e-16  2.29343845e-05
 -2.04780660e-06 -1.59792834e-08  9.97472999e-10]
[ 0.00000000e+00 -1.45886807e-12 -2.28935331e-13  4.62723750e-11
 -1.75276054e-10 -1.83830786e-15  8.53544458e-16  2.29481664e-05
 -2.04780660e-06 -1.59792834e-08  9.97472999e-10]
[ 0.00000000e+00 -1.45758628e-12 -2.28935331e-13  4.62723750e-11
 -1.75276054e-10 -1.83855476e-15  8.53544458e-16  2.29481664e-05
 -2.04780660e-06 -1.59792834e-08  9.97472999e-10]
[ 0.00000000e+00 -1.45886807e-12 -2.28935331e-13  4.62723750e-11
 -1.75276054e-10 -1.83788666e-15  8.53544458e-16  2.29481664e-05
 -2.04780660e-06 -1.59837295e-08  9.97472999e-10]
[ 0.00000000e+00 -1.45886807e-12 -2.28935331e-13  4.62723750e-11
 -1.75276054e-10 -1.83719047e-15  8.53544458e-16  2.29263003e-05
 -2.04780660e-06 -1.59924497e-08  9.97472999e-10]
[ 0.00000000e+00 -1.45886807e-12 -2.29065752e-13  4.63013641e-11
 -1.75276054e-10 -1.83917696e-15  8.53544458e-16  2.29481664e-05
 -2.04780660e-06 -1.59792834e-08  9.97472999e-10]
[ 0.00000000e+00 -1.45886807e-12 -2.28935331e-13  4.62723750e-11
 -1.75120081e-10 -1.83830786e-15  8.53544458e-16  2.29431522e-05
 -2.04780660e-06 -1.59792834e-08  9.97472999e-10]
[ 0.00000000e+00 -1.45886807e-12 -2.28935331e-13  4.62806873e-11
 -1.75276054e-10 -1.83830786e-15  8.53544458e-16  2.29449099e-05
 -2.04780660e-06 -1.59792834e-08  9.97472999e-10]
[ 0.00000000e+00 -1.45886807e-12 -2.28935331e-13  4.62723750e-11
 -1.75276054e-10 -1.83852875e-15  8.53544458e-16  2.29481664e-05
 -2.04780660e-06 -1.59792834e-08  9.97472999e-10]
[ 0.00000000e+00 -1.45886807e-12 -2.28935331e-13  4.62723750e-11
 -1.75202808e-10 -1.83830786e-15  8.53544458e-16  2.29481664e-05
 -2.04780660e-06 -1.59792834e-08  9.97472999e-10]
[ 0.00000000e+00 -1.45886807e-12 -2.28935331e-13  4.62414198e-11
 -1.75202808e-10 -1.83830786e-15  8.53544458e-16  2.29481664e-05
 -2.04780660e-06 -1.59792834e-08  9.97472999e-10]
[ 0.00000000e+00 -1.45886807e-12 -2.28935331e-13  4.62723750e-11
 -1.75202808e-10 -1.83717631e-15  8.53544458e-16  2.29535834e-05
 -2.04780660e-06 -1.59792834e-08  9.97472999e-10]
[ 0.00000000e+00 -1.45886807e-12 -2.28935331e-13  4.62723750e-11
 -1.75202808e-10 -1.83830786e-15  8.53544458e-16  2.29481664e-05
 -2.04780660e-06 -1.59792834e-08  9.97085402e-10]
[ 0.00000000e+00 -1.45886807e-12 -2.29159418e-13  4.62723750e-11
 -1.75202808e-10 -1.83830786e-15  8.53544458e-16  2.29481664e-05
 -2.04780660e-06 -1.59927082e-08  9.97472999e-10]
[ 0.00000000e+00 -1.45886807e-12 -2.28935331e-13  4.62723750e-11
 -1.75202808e-10 -1.83830786e-15  8.53544458e-16  2.29481664e-05
 -2.04780660e-06 -1.59792834e-08  9.97472999e-10]
[ 0.00000000e+00 -1.45886807e-12 -2.28935331e-13  4.62723750e-11
 -1.75202808e-10 -1.83830786e-15  8.53544458e-16  2.29481664e-05
 -2.04833916e-06 -1.59792834e-08  9.97472999e-10]
[ 0.00000000e+00 -1.45886807e-12 -2.28935331e-13  4.62723750e-11
 -1.75202808e-10 -1.83830786e-15  8.53544458e-16  2.29481664e-05
 -2.04936676e-06 -1.59792834e-08  9.97472999e-10]
[ 0.00000000e+00 -1.45886807e-12 -2.28935331e-13  4.62723750e-11
 -1.75202808e-10 -1.83830786e-15  8.53544458e-16  2.29481664e-05
 -2.04676367e-06 -1.59792834e-08  9.97472999e-10]
[ 0.00000000e+00 -1.45886807e-12 -2.28935331e-13  4.62723750e-11
 -1.75202808e-10 -1.83830786e-15  8.53544458e-16  2.29481664e-05
 -2.04676367e-06 -1.59792834e-08  9.97472999e-10]
[ 0.00000000e+00 -1.45886807e-12 -2.28935331e-13  4.62723750e-11
 -1.75202808e-10 -1.83830786e-15  8.53544458e-16  2.29481664e-05
 -2.04676367e-06 -1.59792834e-08  9.97472999e-10]
[ 0.00000000e+00 -1.45886807e-12 -2.28935331e-13  4.62723750e-11
 -1.75202808e-10 -1.83830786e-15  8.53544458e-16  2.29481664e-05
 -2.04676367e-06 -1.59837485e-08  9.97472999e-10]
[ 0.00000000e+00 -1.45886807e-12 -2.28882264e-13  4.62723750e-11
 -1.75202808e-10 -1.83883578e-15  8.53218444e-16  2.29481664e-05
 -2.04652056e-06 -1.59792834e-08  9.97472999e-10]
[ 0.00000000e+00 -1.45741046e-12 -2.28935331e-13  4.62723750e-11
 -1.75311062e-10 -1.83830786e-15  8.53544458e-16  2.29481664e-05
 -2.04676367e-06 -1.59792834e-08  9.97472999e-10]
[ 0.00000000e+00 -1.45893326e-12 -2.28935331e-13  4.62723750e-11
 -1.75202808e-10 -1.83912657e-15  8.53544458e-16  2.29481664e-05
 -2.04676367e-06 -1.59792834e-08  9.97472999e-10]
[ 0.00000000e+00 -1.45886807e-12 -2.28935331e-13  4.62723750e-11
 -1.75202808e-10 -1.83830786e-15  8.53544458e-16  2.29481664e-05
 -2.04676367e-06 -1.59792834e-08  9.97472999e-10]
[ 0.00000000e+00 -1.45844819e-12 -2.28935331e-13  4.62551906e-11
 -1.75202808e-10 -1.83830786e-15  8.53024762e-16  2.29481664e-05
 -2.04676367e-06 -1.59792834e-08  9.97472999e-10]
