gen 1 

(4,) (12,) 

(12,) (1,) 

(9,) (1,) 

(7,) (13,) 

(5,) (13,) 

(8,) (9,) 

(10,) (5,) 

gen 2 

(12,) (5,) 

(7,) (6,) 

(12,) (0,) 

(10,) (0,) 

(3,) (10,) 

(9,) (0,) 

(13,) (3,) 

gen 3 

(4,) (4,) 

(6,) (8,) 

(6,) (0,) 

(8,) (4,) 

(0,) (3,) 

(0,) (0,) 

(4,) (4,) 

gen 4 

(4,) (10,) 

(7,) (11,) 

(1,) (0,) 

(3,) (3,) 

(11,) (0,) 

(13,) (10,) 

(0,) (4,) 

gen 5 

(4,) (9,) 

(1,) (1,) 

(5,) (2,) 

(1,) (12,) 

(1,) (13,) 

(1,) (0,) 

(4,) (1,) 

gen 6 

(4,) (1,) 

(12,) (13,) 

(12,) (13,) 

(12,) (12,) 

(9,) (3,) 

(8,) (13,) 

(1,) (7,) 

gen 7 

(13,) (7,) 

(7,) (11,) 

(4,) (3,) 

(5,) (4,) 

(4,) (2,) 

(7,) (0,) 

(0,) (11,) 

gen 8 

(5,) (1,) 

(7,) (6,) 

(1,) (4,) 

(9,) (7,) 

(4,) (12,) 

(9,) (10,) 

(0,) (7,) 

gen 9 

(0,) (3,) 

(6,) (13,) 

(4,) (0,) 

(2,) (12,) 

(4,) (2,) 

(12,) (10,) 

(2,) (6,) 

gen 10 

(0,) (10,) 

(10,) (4,) 

(9,) (10,) 

(13,) (9,) 

(10,) (13,) 

(9,) (5,) 

(11,) (4,) 

gen 1 

(2,) (6,) 

(2,) (7,) 

(4,) (7,) 

(2,) (2,) 

gen 2 

(6,) (3,) 

(4,) (6,) 

(7,) (6,) 

(6,) (1,) 

gen 3 

(3,) (3,) 

(5,) (3,) 

(3,) (0,) 

(5,) (3,) 

gen 4 

(0,) (5,) 

(0,) (4,) 

(3,) (4,) 

(7,) (7,) 

gen 5 

(3,) (3,) 

(7,) (5,) 

(5,) (7,) 

(0,) (7,) 

gen 6 

(3,) (5,) 

(6,) (5,) 

(7,) (1,) 

(4,) (7,) 

gen 7 

(7,) (0,) 

(6,) (7,) 

(3,) (7,) 

(5,) (6,) 

gen 8 

(6,) (5,) 

(5,) (0,) 

(3,) (2,) 

(2,) (7,) 

gen 9 

(4,) (6,) 

(6,) (7,) 

(7,) (6,) 

(3,) (6,) 

gen 10 

(7,) (7,) 

(3,) (7,) 

(1,) (1,) 

(7,) (7,) 

gen 1 

(7,) (2,) 

(1,) (1,) 

(0,) (2,) 

(0,) (7,) 

gen 2 

(5,) (6,) 

(6,) (1,) 

(2,) (1,) 

(2,) (1,) 

gen 3 

(0,) (1,) 

(7,) (5,) 

(6,) (7,) 

(5,) (7,) 

gen 4 

(5,) (6,) 

(5,) (3,) 

(7,) (7,) 

(3,) (4,) 

gen 5 

(2,) (2,) 

(4,) (6,) 

(4,) (2,) 

(2,) (0,) 

gen 6 

(6,) (1,) 

(5,) (7,) 

(1,) (1,) 

(7,) (4,) 

gen 7 

(3,) (0,) 

(1,) (0,) 

(6,) (0,) 

(2,) (3,) 

gen 8 

(0,) (5,) 

(5,) (7,) 

(7,) (7,) 

(0,) (7,) 

gen 9 

(5,) (0,) 

(5,) (1,) 

(1,) (6,) 

(7,) (0,) 

gen 10 

(7,) (0,) 

(7,) (7,) 

(2,) (3,) 

(0,) (0,) 

gen 1 

(5,) (3,) 

(6,) (3,) 

(3,) (0,) 

(1,) (0,) 

gen 2 

(3,) (5,) 

(6,) (2,) 

(3,) (4,) 

(7,) (3,) 

gen 3 

(6,) (4,) 

(7,) (0,) 

(6,) (7,) 

(4,) (4,) 

gen 4 

(3,) (2,) 

(4,) (1,) 

(5,) (4,) 

(4,) (2,) 

gen 5 

(4,) (6,) 

(6,) (2,) 

(4,) (2,) 

(2,) (2,) 

gen 6 

(7,) (7,) 

(5,) (2,) 

(2,) (1,) 

(3,) (3,) 

gen 7 

(1,) (1,) 

(1,) (1,) 

(5,) (1,) 

(7,) (2,) 

gen 8 

(6,) (1,) 

(3,) (6,) 

(7,) (1,) 

(2,) (3,) 

gen 9 

(7,) (0,) 

(6,) (6,) 

(7,) (1,) 

(4,) (1,) 

gen 10 

(7,) (5,) 

(3,) (1,) 

(3,) (1,) 

(1,) (7,) 

generations1403 

generations1403 

gen 1 

(1,) (7,) 

(0,) (1,) 

(0,) (2,) 

(2,) (2,) 

gen 2 

(7,) (6,) 

(5,) (5,) 

(7,) (5,) 

(4,) (7,) 

gen 3 

(4,) (1,) 

(1,) (1,) 

(3,) (2,) 

(1,) (1,) 

gen 4 

(0,) (5,) 

(0,) (6,) 

(6,) (2,) 

(0,) (3,) 

gen 5 

(0,) (1,) 

(5,) (4,) 

(5,) (2,) 

(1,) (5,) 

gen 6 

(1,) (2,) 

(0,) (2,) 

(6,) (6,) 

(7,) (2,) 

gen 7 

(6,) (0,) 

(7,) (0,) 

(0,) (5,) 

(4,) (7,) 

gen 8 

(0,) (1,) 

(3,) (4,) 

(5,) (5,) 

(5,) (4,) 

gen 9 

(1,) (1,) 

(1,) (1,) 

(1,) (1,) 

(5,) (3,) 

gen 10 

(5,) (4,) 

(5,) (4,) 

(2,) (5,) 

(7,) (7,) 

generations1404 

gen 1 

(7,) (4,) 

(1,) (2,) 

(0,) (1,) 

(4,) (5,) 

gen 2 

(3,) (4,) 

(5,) (3,) 

(3,) (6,) 

(4,) (6,) 

gen 3 

(5,) (6,) 

(2,) (5,) 

(4,) (4,) 

(4,) (2,) 

gen 4 

(7,) (4,) 

(4,) (1,) 

(6,) (7,) 

(6,) (5,) 

gen 5 

(2,) (5,) 

(0,) (2,) 

(6,) (5,) 

(2,) (0,) 

gen 6 

(0,) (6,) 

(7,) (5,) 

(4,) (4,) 

(7,) (0,) 

gen 7 

(4,) (5,) 

(5,) (3,) 

(0,) (5,) 

(3,) (3,) 

gen 8 

(0,) (7,) 

(6,) (3,) 

(3,) (5,) 

(3,) (7,) 

gen 9 

(4,) (0,) 

(6,) (0,) 

(0,) (1,) 

(4,) (1,) 

gen 10 

(1,) (1,) 

(2,) (0,) 

(1,) (7,) 

(0,) (1,) 

generations1405 

gen 1 

(1,) (4,) 

(2,) (2,) 

(3,) (3,) 

(3,) (7,) 

gen 2 

(3,) (3,) 

(7,) (4,) 

(3,) (2,) 

(3,) (6,) 

gen 3 

(4,) (2,) 

(2,) (3,) 

(3,) (3,) 

(4,) (4,) 

gen 4 

(5,) (4,) 

(3,) (3,) 

(7,) (5,) 

(5,) (4,) 

gen 5 

(6,) (7,) 

(1,) (3,) 

(6,) (1,) 

(7,) (7,) 

gen 6 

(1,) (5,) 

(7,) (7,) 

(7,) (5,) 

(1,) (1,) 

gen 7 

(4,) (2,) 

(3,) (2,) 

(3,) (3,) 

(2,) (6,) 

gen 8 

(6,) (2,) 

(1,) (3,) 

(1,) (4,) 

(4,) (1,) 

gen 9 

(5,) (6,) 

(2,) (1,) 

(3,) (7,) 

(1,) (1,) 

gen 10 

(1,) (6,) 

(3,) (0,) 

(6,) (3,) 

(7,) (1,) 

generations1406 

gen 1 

(1,) (5,) 

(0,) (0,) 

(3,) (0,) 

(2,) (1,) 

gen 2 

(3,) (0,) 

(3,) (0,) 

(7,) (1,) 

(0,) (6,) 

gen 3 

(1,) (4,) 

(6,) (4,) 

(6,) (4,) 

(2,) (2,) 

gen 4 

(3,) (2,) 

(3,) (4,) 

(6,) (4,) 

(2,) (2,) 

gen 5 

(1,) (6,) 

(1,) (1,) 

(1,) (0,) 

(0,) (0,) 

gen 6 

(4,) (3,) 

(6,) (4,) 

(6,) (7,) 

(3,) (1,) 

gen 7 

(4,) (3,) 

(4,) (0,) 

(0,) (0,) 

(4,) (1,) 

gen 8 

(0,) (5,) 

(6,) (6,) 

(6,) (0,) 

(6,) (5,) 

gen 9 

(4,) (5,) 

(2,) (7,) 

(3,) (0,) 

(2,) (7,) 

gen 10 

(5,) (6,) 

(6,) (2,) 

(6,) (6,) 

(5,) (2,) 

generations1407 

gen 1 

(0,) (7,) 

(3,) (7,) 

(0,) (2,) 

(1,) (4,) 

gen 2 

(0,) (5,) 

(1,) (5,) 

(6,) (5,) 

(4,) (1,) 

gen 3 

(5,) (6,) 

(4,) (6,) 

(2,) (2,) 

(4,) (3,) 

gen 4 

(2,) (7,) 

(4,) (7,) 

(4,) (4,) 

(2,) (7,) 

gen 5 

(3,) (5,) 

(0,) (6,) 

(0,) (0,) 

(3,) (7,) 

gen 6 

(7,) (7,) 

(5,) (5,) 

(4,) (5,) 

(5,) (5,) 

gen 7 

(5,) (0,) 

(0,) (0,) 

(7,) (6,) 

(5,) (2,) 

gen 8 

(5,) (5,) 

(3,) (5,) 

(0,) (4,) 

(2,) (0,) 

gen 9 

(4,) (3,) 

(4,) (0,) 

(6,) (0,) 

(6,) (5,) 

gen 10 

(4,) (4,) 

(7,) (3,) 

(2,) (7,) 

(5,) (7,) 

generations1408 

gen 1 

(0,) (4,) 

(4,) (3,) 

(1,) (3,) 

(0,) (3,) 

gen 2 

(6,) (1,) 

(6,) (5,) 

(3,) (4,) 

(1,) (3,) 

gen 3 

(7,) (2,) 

(1,) (2,) 

(3,) (0,) 

(2,) (2,) 

gen 4 

(3,) (2,) 

(2,) (7,) 

(7,) (2,) 

(2,) (0,) 

gen 5 

(0,) (2,) 

(4,) (4,) 

(2,) (5,) 

(1,) (5,) 

gen 6 

(7,) (7,) 

(5,) (3,) 

(5,) (4,) 

(3,) (3,) 

gen 7 

(4,) (0,) 

(1,) (1,) 

(2,) (2,) 

(2,) (3,) 

gen 8 

(7,) (3,) 

(7,) (1,) 

(7,) (3,) 

(7,) (2,) 

gen 9 

(5,) (7,) 

(1,) (1,) 

(7,) (5,) 

(1,) (5,) 

gen 10 

(0,) (0,) 

(7,) (5,) 

(3,) (0,) 

(2,) (0,) 

generations1409 

gen 1 

(7,) (5,) 

(2,) (2,) 

(0,) (4,) 

(7,) (7,) 

gen 2 

(2,) (7,) 

(2,) (2,) 

(3,) (1,) 

(2,) (2,) 

gen 3 

(4,) (3,) 

(3,) (2,) 

(5,) (3,) 

(3,) (7,) 

gen 4 

(2,) (3,) 

(2,) (3,) 

(4,) (4,) 

(4,) (3,) 

gen 5 

(3,) (7,) 

(7,) (3,) 

(5,) (1,) 

(5,) (5,) 

gen 6 

(7,) (0,) 

(0,) (7,) 

(6,) (3,) 

(2,) (2,) 

gen 7 

(2,) (3,) 

(2,) (2,) 

(6,) (6,) 

(7,) (7,) 

gen 8 

(6,) (6,) 

(3,) (3,) 

(6,) (5,) 

(3,) (6,) 

gen 9 

(3,) (0,) 

(5,) (4,) 

(1,) (1,) 

(1,) (7,) 

gen 10 

(5,) (3,) 

(1,) (7,) 

(6,) (1,) 

(5,) (1,) 

generations1410 

gen 1 

(0,) (1,) 

(0,) (4,) 

(4,) (2,) 

(4,) (3,) 

gen 2 

(2,) (5,) 

(2,) (3,) 

(5,) (2,) 

(3,) (4,) 

gen 3 

(1,) (7,) 

(1,) (7,) 

(1,) (1,) 

(3,) (0,) 

gen 4 

(7,) (5,) 

(0,) (1,) 

(4,) (4,) 

(5,) (7,) 

gen 5 

(0,) (5,) 

(2,) (2,) 

(2,) (2,) 

(2,) (5,) 

gen 6 

(7,) (7,) 

(4,) (1,) 

(4,) (4,) 

(3,) (7,) 

gen 7 

(0,) (0,) 

(0,) (0,) 

(3,) (2,) 

(0,) (7,) 

gen 8 

(3,) (1,) 

(5,) (1,) 

(2,) (5,) 

(5,) (2,) 

gen 9 

(1,) (2,) 

(1,) (0,) 

(6,) (1,) 

(7,) (7,) 

gen 10 

(7,) (2,) 

(0,) (2,) 

(6,) (0,) 

(7,) (3,) 

