generations

best values >>>>>>>>
-274589851056.46054 
 241407223119.80615 
 33182627936.65439 
 [0.0, -1.4606405136797597e-12, -2.2919677562144587e-13, 4.6221905497171244e-11, -1.7496514244960871e-10, -1.8341356693761422e-15, 8.524669221785723e-16, 2.2905380300748505e-05, -2.051945370223838e-06, -1.601452556533672e-08, 9.94280369260594e-10]
=================================================================================




generations1

best values >>>>>>>>
-286641548318.95764 
 261281457704.28296 
 25360090614.674686 
 [0.0, -1.4573907136259456e-12, -2.2885533830930473e-13, 4.6109100565529523e-11, -1.7534115566132122e-10, -1.8386430184268813e-15, 8.526213857343394e-16, 2.2932269236611382e-05, -2.0509282099962775e-06, -1.5988972645919975e-08, 9.94682713491084e-10]
=================================================================================




generations2

best values >>>>>>>>
-291124456917.30023 
 266870245053.5341 
 24254211863.76614 
 [0.0, -1.4530748412408778e-12, -2.2911535136152543e-13, 4.612982699466541e-11, -1.7524888438142e-10, -1.8428471705113527e-15, 8.531995217906375e-16, 2.2915789833563953e-05, -2.0537103170626326e-06, -1.5984045889819576e-08, 9.962536737003428e-10]
=================================================================================




generations3

best values >>>>>>>>
-286760322247.28033 
 261065238035.74332 
 25695084211.537025 
 [0.0, -1.4594844708233808e-12, -2.293465108345864e-13, 4.616042027239383e-11, -1.7500831772900097e-10, -1.838501528496129e-15, 8.537032596467581e-16, 2.2948558007281615e-05, -2.053344906505159e-06, -1.5996347145207038e-08, 9.956400979181321e-10]
=================================================================================




generations4

best values >>>>>>>>
-317434051607.6128 
 300417361202.6791 
 17016690404.933695 
 [0.0, -1.4546499984815172e-12, -2.289585469784649e-13, 4.624235769341051e-11, -1.754957409865678e-10, -1.8387018219852877e-15, 8.535335239243839e-16, 2.2962018339518877e-05, -2.04834233713991e-06, -1.6021953497619056e-08, 9.96337408629312e-10]
=================================================================================




